1.0
0.9512195
0.9512195
0.9512195
0.9512195
0.9512195
0.9512195
0.9512195
0.9512195
0.9512195
0.9512195
0.9512195
0.9512195
0.9512195
0.9512195
0.9512195
0.9512195
0.9512195
0.9512195
0.9512195
0.9512195
0.9512195
0.9512195
0.9512195
0.9512195
0.9512195
0.9512195
0.9512195
0.9512195
0.9512195
0.9512195
0.9512195
0.9512195
0.9512195
0.9512195
0.9512195
0.9512195
0.9512195
0.9512195
0.9512195
0.9512195
0.9512195
0.9512195
0.9512195
0.9512195
0.9512195
0.9512195
0.9512195
0.9512195
0.9512195
0.9512195
0.9512195
0.9512195
0.9512195
0.9512195
0.9512195
0.9512195
0.9512195
0.9512195
0.9512195
0.9512195
0.9512195
0.9512195
0.9512195
0.9512195
0.9512195
0.9512195
0.9512195
0.9512195
0.9512195
0.9512195
0.9512195
0.9512195
0.9512195
0.9268293
0.9268293
0.9268293
0.902439
0.8780488
0.8780488
0.8780488
0.8780488
0.8780488
0.8780488
0.85365856
0.85365856
0.85365856
0.85365856
0.85365856
0.85365856
0.8292683
0.7804878
0.75609756
0.73170733
0.68292683
0.63414633
0.63414633
0.6097561
0.5609756
0.34146342
0.048780486
