9.891316E-5
1.2065749E-4
1.2065749E-4
1.2065749E-4
1.2065749E-4
1.2065749E-4
1.2065749E-4
1.2065749E-4
1.2065749E-4
1.2065749E-4
1.2065749E-4
1.2225781E-4
1.2225781E-4
1.2225781E-4
1.2225781E-4
1.2225781E-4
1.2225781E-4
1.2225781E-4
1.2225781E-4
1.2225781E-4
1.2253015E-4
1.2253015E-4
1.2253015E-4
1.2253207E-4
1.2254632E-4
1.2259139E-4
1.2268896E-4
1.2283155E-4
1.2298727E-4
1.2310683E-4
1.2318343E-4
1.2330886E-4
1.2343687E-4
1.2364623E-4
1.2399019E-4
1.2444002E-4
1.2511389E-4
1.2601499E-4
1.2735526E-4
1.2951776E-4
1.320409E-4
1.3508832E-4
1.3895372E-4
1.4369245E-4
1.4991869E-4
1.5721496E-4
1.666909E-4
1.7804805E-4
1.9222617E-4
2.0961318E-4
2.3060958E-4
2.5849213E-4
2.9249635E-4
3.3495371E-4
3.9138552E-4
4.627048E-4
5.5400876E-4
6.7826087E-4
8.4642763E-4
0.0010763372
0.0013677012
0.0017692691
0.0023082385
0.0030125135
0.0039505675
0.0050511593
0.0064655175
0.008099688
0.009794073
0.011897499
0.014048992
0.016115703
0.018131102
0.020365534
0.022003474
0.02415766
0.02631579
0.027777778
0.030075189
0.03272727
0.036072146
0.039173014
0.04195804
0.044389643
0.046728972
0.05147059
0.056634303
0.06481481
0.07882883
0.09485095
0.11564626
0.13389121
0.17514125
0.2173913
0.25
0.30232558
0.38235295
0.41666666
0.43396226
0.4375
0.22222222
