9.891316E-5
9.891531E-5
9.891531E-5
9.8915545E-5
9.8916025E-5
9.8916265E-5
9.891817E-5
9.892486E-5
9.8946584E-5
9.897405E-5
9.8989105E-5
9.908527E-5
9.914349E-5
9.926303E-5
9.9377314E-5
9.952495E-5
9.984877E-5
1.00280784E-4
1.00660676E-4
1.011075E-4
1.0236437E-4
1.0282776E-4
1.03733655E-4
1.0506005E-4
1.0644816E-4
1.0868326E-4
1.10404704E-4
1.12987815E-4
1.1546596E-4
1.1891986E-4
1.2157009E-4
1.2735174E-4
1.3217109E-4
1.3879157E-4
1.4649083E-4
1.5207432E-4
1.6050736E-4
1.7170113E-4
1.8079355E-4
1.9111368E-4
1.9886791E-4
2.2063532E-4
2.3650753E-4
2.5274008E-4
2.7145306E-4
2.879557E-4
3.1341493E-4
3.4236567E-4
3.644153E-4
3.9317223E-4
4.1181198E-4
4.6950506E-4
5.0932943E-4
5.4877397E-4
6.1400223E-4
6.516936E-4
7.234103E-4
7.8791607E-4
8.44786E-4
9.040196E-4
9.433528E-4
0.0011833636
0.0012721068
0.0013667578
0.0014920485
0.0015408914
0.0017805476
0.0020383205
0.0021508846
0.002312941
0.0023734646
0.0028089888
0.0029577047
0.0031284217
0.0035345056
0.0036479707
0.0040828823
0.0045454544
0.004780686
0.0049309665
0.00497265
0.008775878
0.009114279
0.009624877
0.010292953
0.010402409
0.010395611
0.0139157325
0.013677218
0.014198783
0.014221861
0.01810657
0.018392013
0.018990776
0.021820448
0.02188868
0.02131783
0.021568628
0.021568628
0.021568628
0.021568628
