1.0
1.0
1.0
1.0
1.0
1.0
1.0
1.0
1.0
1.0
1.0
1.0
1.0
1.0
1.0
1.0
1.0
1.0
1.0
1.0
1.0
1.0
1.0
1.0
1.0
1.0
1.0
1.0
1.0
1.0
1.0
1.0
1.0
1.0
1.0
1.0
1.0
1.0
1.0
1.0
1.0
1.0
1.0
1.0
1.0
1.0
1.0
1.0
1.0
1.0
1.0
1.0
1.0
1.0
1.0
1.0
1.0
1.0
1.0
1.0
1.0
1.0
1.0
1.0
1.0
0.9756098
0.9756098
0.9756098
0.9756098
0.9756098
0.9756098
0.9756098
0.9756098
0.9756098
0.9756098
0.9756098
0.9756098
0.9756098
0.9756098
0.9756098
0.9756098
0.9512195
0.9512195
0.9512195
0.9512195
0.9268293
0.8780488
0.8780488
0.85365856
0.85365856
0.85365856
0.85365856
0.85365856
0.85365856
0.85365856
0.85365856
0.80487806
0.80487806
0.80487806
0.80487806
0.80487806
