9.891316E-5
9.901468E-5
9.901468E-5
9.901468E-5
9.901971E-5
9.910611E-5
9.9871875E-5
1.01726626E-4
1.0504471E-4
1.10915134E-4
1.18475196E-4
1.3253425E-4
1.5113536E-4
1.6982711E-4
1.9569285E-4
2.2466984E-4
2.7138478E-4
3.300888E-4
3.6324977E-4
4.3474112E-4
5.702761E-4
6.149877E-4
6.880003E-4
8.538998E-4
9.96597E-4
0.0013170152
0.0013242894
0.0014664854
0.0017608658
0.002047134
0.0021843368
0.0025616994
0.0028645287
0.002960289
0.004371468
0.0046134805
0.0052510244
0.0058032554
0.00649145
0.0072824154
0.007615156
0.008845739
0.009934577
0.01152009
0.012220566
0.0133463545
0.014508138
0.016003123
0.017263157
0.017446809
0.01748401
0.025982255
0.026214834
0.027929155
0.03043801
0.034309622
0.036837377
0.038570084
0.043203373
0.04638009
0.04800937
0.056010928
0.059593022
0.06528662
0.06925676
0.07308378
0.07692308
0.08908686
0.09070295
0.09677419
0.10372341
0.115384616
0.12302839
0.12460064
0.13265306
0.13356164
0.17180617
0.19211823
0.20855615
0.23214285
0.2392638
0.24358974
0.2551724
0.26056337
0.26086956
0.26865673
0.26717559
0.26153848
0.26771653
0.27642277
0.27868852
0.26956522
0.28703704
0.30097088
0.30612245
0.32258064
0.35714287
0.37037036
0.39473686
0.4
0.4
