1.0
1.0
1.0
1.0
1.0
1.0
1.0
1.0
1.0
1.0
1.0
1.0
1.0
1.0
1.0
1.0
1.0
1.0
1.0
1.0
1.0
1.0
1.0
1.0
1.0
1.0
1.0
1.0
1.0
1.0
1.0
1.0
1.0
1.0
1.0
1.0
1.0
1.0
1.0
1.0
1.0
1.0
1.0
1.0
1.0
1.0
1.0
1.0
1.0
1.0
1.0
1.0
1.0
1.0
1.0
1.0
1.0
1.0
1.0
1.0
1.0
1.0
1.0
1.0
1.0
1.0
1.0
0.9756098
0.9756098
0.9512195
0.9512195
0.9512195
0.9512195
0.9512195
0.9512195
0.9512195
0.9512195
0.9512195
0.9512195
0.9512195
0.9512195
0.9268293
0.902439
0.902439
0.8780488
0.8780488
0.85365856
0.8292683
0.8292683
0.8292683
0.8292683
0.75609756
0.75609756
0.75609756
0.73170733
0.73170733
0.73170733
0.73170733
0.73170733
0.73170733
0.73170733
